// =============================================================================
// Penrose Wall - WIRING: original art piece (single chain)
// =============================================================================
// The original Penrose Wall wiring: one daisy chain of 1800 LEDs.
// Output segmentation on this build was owned entirely by the S2 Mini
// boards (start/count in the handshake); this file records the full chain.
//
// Format: outputs = the physical LED strings, in output order. Each 'leds'
// array lists, in daisy-chain order along that string, the HALF-TILE index
// (0..1799) that LED displays. Tile index = value / 2 (two LEDs per tile,
// one per triangle). All outputs together must cover 0..1799 exactly once.
//
// Global LED index = (output number x LEDs in earlier outputs) + position in
// string; the S2 Mini boards claim [start,count) slices of that global index
// space in their handshake (see Assets/core/Hardware/S2_MINI_PROTOCOL.md).
//
// Loaded by WiringData.ParseToWireMap (Assets/core/Runtime/WallData.cs), which
// flattens outputs into one wire map and validates the 0..1799 permutation.
// Comment lines (starting with '//') are stripped before JSON parsing.
// =============================================================================
{
"outputs":[
{"leds":[1219,1218,1032,1046,1066,1067,1068,1069,1064,1063,1062,1057,1056,1060,1061,1005,1004,1006,1007,1010,1011,1012,1013,1058,1059,1065,1053,1052,1054,1047,1048,1030,1034,1033,1208,1209,1035,1038,1020,1021,1042,1043,1044,1265,1264,1258,1262,1259,1045,1037,1036,1040,1039,1031,1051,1050,1049,1055,1016,1017,1009,1008,1014,1015,997,1000,1001,1002,998,1041,999,1229,1228,1263,1271,1270,1230,1231,1003,993,992,996,995,994,1224,1234,1235,1236,1237,1276,1277,1233,1232,1238,1225,1226,1227,1239,1240,1241,1269,1275,1274,1272,1273,1279,1278,1289,1288,1283,1282,1266,1267,1268,1252,1253,1261,1260,1244,1245,1465,1464,1476,1477,1478,1479,1446,1447,1357,1356,1360,1359,1358,1355,1354,1353,1352,1442,1456,1457,1443,1444,1350,1351,1361,1449,1448,1445,1461,1460,1454,1458,1459,1502,1503,1455,1463,1462,1491,1485,1486,1487,1471,1470,1472,1473,1257,1256,1255,1254,1482,1483,1484,1490,1488,1489,1509,1508,1517,1516,1510,1511,1512,1280,1284,1285,1286,1287,1281,1515,1513,1514,1496,1497,1495,1507,1506,1494,1493,1492,1527,1526,1530,1531,1519,1525,1524,1523,1522,1518,1528,1499,1498,1520,1521,1722,1723,1724,1725,1726,1733,1732,1727,1735,1721,1720,1730,1713,1712,1600,1364,1365,1452,1450,1500,1501,1529,1504,1505,1451,1453,1367,1370,1371,1363,1366,1362,1602,1603,1689,1688,1601,1686,1687,1714,1715,1731,1734,1728,1729,1711,1710,1718,1719,1695,1716,1717,1691,1699,1698,1697,1681,1696,1690,1694,1693,1692,1678,1590,1606,1607,1373,1372,1368,1374,1375,1376,1377,1369,1605,1604,1608,1609,1593,1592,1591,1588,1589,1680,1679,1685,1684,1708,1709,1705,1704,1702,1706,1707,1638,1639,1703,1683,1682,1599,1598,1597,1596,1644,1645,1635,1594,1595,1631,1630,1636,1637,1617,1616,1615,1614,1648,1649,1650,1612,1613,1621,1620,1700,1701,1622,1618,1619,1653,1652,1623,1655,1654,1651,1664,1665,1663,1662,1659,1658,1549,1548,1544,1545,1550,1551,1535,1534,1533,1532,1546,1547,1543,1542,1540,1541,1661,1660,1657,1629,1632,1633,1634,1625,1624,1628,1656,1627,1626,1640,1406,1407,1408,1409,1415,1414,1412,1413,1611,1610,1647,1643,1642,1641,1646,1392,1304,1305,1306,1307,1310,1311,1303,1302,1424,1393,1394,1395,1425,1428,1429,1313,1312,1308,1309,1316,1317,1347,1346,1440,1441,1432,1433,1427,1426,1430,1431,1418,1417,1416,1380,1398,1399,1391,1390,1410,1411,1401,1400,1396,1397,1405,1475,1474,1480,1481,1404,1403,1383,1402,1381,1382,1378,1379,1423,1419,1422,1438,1437,1436,1435,1434,1186,1187,1188,1184,1185,1439,1193,1420,1389,1388,1387,1386,1468,1467,1466,1242,1246,1247,1248,1249,1250,1243,1469,1251,1384,1385,1421,1171,1170,1192,1191,1190,1189,1195,1194,1122,1123,1183,1182,1181,1169,1172,1173,1143,1142,1138,1139,1025,1024,1028,1027,1026,1023,1022,1018,1019,1029,1205,1204,1140,1141,1133,1132,1136,1137,1157,1158,1217,1216,1203,1202,1201,1200,1212,1213,1207,1206,1220,1221,1222,1198,1199,1131,1130,1129,1128,1164,1165,1163,1162,1161,1160,1146,1147,1148,1144,1145,1153,1154,1155,1126,1127,1197,1196,1223,1215,1214,1210,1211,1159,1151,1150,1156,1135,1134,1152,1149,1175,1174,1078,1079,1179,1178,1166,1167,1168,1180,1176,1177,1083,1082,1086,1087,1091,1090,1089,1088,1071,1072,1073,1076,1077,909,908,912,913,933,932,911,910,1070,1084,1085,1081,1080,923,922,968,969,974,920,924,925,928,929,921,979,975,978,970,971,972,973,981,982,983,977,980,976,931,930,926,927,935,934,967,961,963,962,916,917,918,919,1074,1075,915,914,953,952,951,945,944,960,959,966,965,964,990,991,987,988,989,899,898,986,985,984,958,860,861,946,947,950,936,937,938,939,955,954,948,949,957,956,943,942,1098,1097,1115,1114,1108,1109,1112,1113,1121,1120,1119,1125,1124,1118,1117,1116,1104,1340,1341,1348,1342,1349,1343,1344,1298,1295,1315,1314,1292,1293,1294,1290,1291,1539,1538,1301,1300,1299,1296,1335,1345,1327,1326,1328,1105,1106,1102,1103,1111,1110,1107,1329,1333,1332,1318,1094,1095,1096,1092,1093,1099,1100,1101,1322,1323,1562,1563,1758,1759,1555,1554,1558,1559,1561,1560,1324,1325,1321,1320,1319,1336,1330,1334,1331,1297,1537,1571,1339,1337,1338,1577,1557,1556,1576,1570,1574,1575,1536,1583,1582,1581,1580,1579,1586,1587,1552,1553,1585,1584,1676,1677,1671,1672,1673,1674,1675,1782,1783,1797,1667,1666,1670,1669,1668,1578,1566,1772,1773,1780,1778,1798,1792,1793,1794,1795,1796,1784,1785,1799,1790,1789,1788,1786,1749,1748,1747,1746,1736,1737,1750,1744,1745,1787,1791,1779,1753,1751,1752,1781,1775,1774,1760,1762,1567,1568,1564,1565,1573,1572,1569,1763,1766,1754,1755,1756,1757,1771,1770,1764,1765,1741,1740,1769,1768,1767,1761,1777,1776,1742,1739,1738,0,1,1743,11,10,6,7,905,904,903,902,901,900,872,873,880,878,879,906,907,897,896,895,887,886,894,885,884,892,893,835,834,888,889,883,882,686,687,836,688,837,689,693,692,674,826,840,841,842,843,890,891,839,838,844,827,828,829,845,847,846,881,875,874,858,862,863,866,850,851,870,871,720,721,865,864,868,867,859,869,877,876,832,833,673,672,676,675,696,697,699,698,677,680,726,727,717,678,682,681,683,830,831,679,713,712,716,715,709,708,724,725,731,730,723,722,402,403,710,711,714,700,701,718,702,719,703,706,854,853,852,848,849,855,856,857,940,941,705,704,399,707,391,390,394,393,392,408,409,405,404,401,400,416,414,415,422,423,417,418,419,411,410,406,412,413,395,396,397,398,114,115,29,28,32,31,30,27,26,22,112,23,33,117,116,113,129,130,131,407,373,372,93,375,374,371,370,82,83,91,90,92,88,89,123,122,128,111,110,24,25,46,47,48,49,41,40,44,45,55,54,8,9,5,4,3,2,14,15,16,17,64,66,67,68,69,65,13,12,18,19,20,21,57,56,58,59,53,52,51,50,36,37,38,34,35,43,42,39,120,121,124,125,126,127,137,136,135,134,119,118,133,132,226,227,228,70,71,74,72,73,80,81,75,76,62,63,77,78,60,61,213,212,79,231,230,229,233,232,138,140,141,108,109,139,225,224,223,222,209,210,211,214,215,181,180,177,176,179,171,170,174,173,175,178,256,257,195,194,188,189,197,196,263,262,258,259,260,261,265,264,240,237,236,142,143,241,153,238,239,149,148,152,151,150,202,203,193,192,191,190,172,208,220,217,187,186,183,182,200,199,206,201,207,168,169,205,204,482,483,479,478,477,476,198,184,185,216,94,95,221,104,105,218,219,101,100,106,107,87,86,85,84,102,103,99,98,97,96,462,463,464,460,461,481,480,471,470,469,468,465,493,492,376,378,379,382,368,369,386,387,388,389,381,380,384,383,377,385,497,496,484,450,451,472,466,467,475,547,546,552,553,474,473,453,452,448,486,485,498,494,495,501,421,420,512,513,500,499,487,490,491,449,457,456,540,539,538,316,317,325,324,326,327,541,454,455,458,459,489,488,510,511,503,509,508,507,506,505,504,790,791,502,792,793,794,795,776,777,745,323,322,631,630,632,633,744,748,749,779,778,775,787,788,797,796,728,729,789,783,691,690,694,695,782,786,774,773,772,784,785,685,684,780,781,755,754,753,752,766,767,768,750,751,771,769,770,734,735,736,732,761,760,759,758,740,741,742,738,739,747,746,806,807,625,624,804,805,819,764,765,763,743,762,756,757,733,799,813,812,818,803,802,814,815,816,817,798,737,801,800,824,825,809,808,822,823,821,820,636,648,668,669,670,671,666,665,664,659,658,662,663,619,660,661,667,655,654,656,649,650,634,638,637,810,811,639,642,643,635,653,652,651,657,622,623,615,614,618,617,611,610,612,613,616,602,603,620,621,604,605,608,609,305,606,645,644,640,646,626,627,628,629,647,342,343,641,607,301,300,304,303,295,294,298,297,296,308,309,311,354,355,307,310,306,312,313,315,314,299,302,348,349,339,338,335,334,340,341,321,320,319,318,336,337,329,328,346,347,353,345,344,330,331,332,333,545,537,536,548,550,549,543,544,542,556,555,554,582,360,361,366,350,352,351,357,356,367,363,364,365,359,362,358,584,585,587,586,568,569,567,566,564,565,578,579,580,589,583,588,560,562,563,557,558,559,551,518,519,431,430,434,435,521,425,433,432,429,428,424,516,517,520,533,534,535,561,581,575,574,531,530,527,526,532,515,514,528,529,523,577,576,573,572,522,524,525,439,442,426,427,444,445,446,447,441,440,443,165,164,160,161,166,167,147,146,145,144,234,235,252,253,254,255,247,273,272,251,250,246,249,248,245,159,162,163,155,154,158,157,244,242,243,275,274,266,267,287,286,292,293,290,291,285,284,283,277,288,289,271,270,269,268,156,436,437,438,570,278,279,276,280,281,282,593,594,595,591,592,590,571,598,599,601,600,596,597]}
]
}
